P0: 640.0000 0.0000 640.0000 0.0000 0.0000 640.0000 360.0000 0.0000 0.0000 0.0000 1.0000 0.0000
P1: 640.0000 0.0000 640.0000 0.0000 0.0000 640.0000 360.0000 0.0000 0.0000 0.0000 1.0000 0.0000
P2: 640.0000 0.0000 640.0000 0.0000 0.0000 640.0000 360.0000 0.0000 0.0000 0.0000 1.0000 0.0000
P3: 640.0000 0.0000 640.0000 0.0000 0.0000 640.0000 360.0000 0.0000 0.0000 0.0000 1.0000 0.0000
Tr_velo_to_cam: 0.0000 0.0000 0.0000 0.0000 0.0000 0.0000 0.0000 0.0000 0.0000 0.0000 0.0000 0.0000
R0_rect: 1.0000 0.0000 0.0000 0.0000 1.0000 0.0000 0.0000 0.0000 1.0000
